,year,month,EXPORT_GOODS_bln_usd,IMPORT_GOODS_bln_usd
1999-01-31,1999,1,4.5,2.7
1999-02-28,1999,2,4.9,3.0
1999-03-31,1999,3,5.8,3.5
1999-04-30,1999,4,6.6,3.3
1999-05-31,1999,5,5.1,2.9
1999-06-30,1999,6,5.4,4.0
1999-07-31,1999,7,6.3,3.2
1999-08-31,1999,8,6.2,3.1
1999-09-30,1999,9,6.4,3.1
1999-10-31,1999,10,7.0,3.4
1999-11-30,1999,11,7.6,3.5
1999-12-31,1999,12,9.7,4.0
2000-01-31,2000,1,6.8,2.9
2000-02-29,2000,2,8.0,3.4
2000-03-31,2000,3,9.1,3.7
2000-04-30,2000,4,8.3,3.4
2000-05-31,2000,5,8.5,3.4
2000-06-30,2000,6,8.7,3.6
2000-07-31,2000,7,8.6,3.6
2000-08-31,2000,8,9.1,3.8
2000-09-30,2000,9,9.0,3.8
2000-10-31,2000,10,8.9,4.1
2000-11-30,2000,11,10.1,4.4
2000-12-31,2000,12,10.1,4.9
2001-01-31,2001,1,8.4,3.2
2001-02-28,2001,2,8.2,3.7
2001-03-31,2001,3,8.9,4.3
2001-04-30,2001,4,8.5,4.4
2001-05-31,2001,5,8.5,4.6
2001-06-30,2001,6,9.2,4.7
2001-07-31,2001,7,8.1,4.4
2001-08-31,2001,8,9.0,4.6
2001-09-30,2001,9,8.5,4.2
2001-10-31,2001,10,8.0,4.8
2001-11-30,2001,11,8.4,5.1
2001-12-31,2001,12,8.2,5.7
2002-01-31,2002,1,6.7,3.7
2002-02-28,2002,2,6.7,4.0
2002-03-31,2002,3,8.5,4.7
2002-04-30,2002,4,9.5,5.1
2002-05-31,2002,5,8.6,4.7
2002-06-30,2002,6,8.2,5.0
2002-07-31,2002,7,9.3,5.5
2002-08-31,2002,8,10.0,5.1
2002-09-30,2002,9,9.7,5.1
2002-10-31,2002,10,9.9,5.9
2002-11-30,2002,11,9.3,5.7
2002-12-31,2002,12,11.0,6.5
2003-01-31,2003,1,9.6,4.7
2003-02-28,2003,2,9.9,5.2
2003-03-31,2003,3,11.6,6.0
2003-04-30,2003,4,10.2,6.2
2003-05-31,2003,5,10.5,5.9
2003-06-30,2003,6,11.1,6.1
2003-07-31,2003,7,11.4,6.7
2003-08-31,2003,8,12.0,6.4
2003-09-30,2003,9,11.6,6.5
2003-10-31,2003,10,12.6,7.1
2003-11-30,2003,11,11.5,6.8
2003-12-31,2003,12,14.0,8.5
2004-01-31,2004,1,11.3,5.6
2004-02-29,2004,2,12.1,6.6
2004-03-31,2004,3,14.0,7.8
2004-04-30,2004,4,14.7,7.7
2004-05-31,2004,5,13.6,7.4
2004-06-30,2004,6,14.9,7.9
2004-07-31,2004,7,15.4,8.4
2004-08-31,2004,8,16.8,8.3
2004-09-30,2004,9,16.3,8.3
2004-10-31,2004,10,17.2,8.9
2004-11-30,2004,11,17.8,9.4
2004-12-31,2004,12,19.2,11.2
2005-01-31,2005,1,13.7,6.9
2005-02-28,2005,2,15.9,8.3
2005-03-31,2005,3,19.5,10.0
2005-04-30,2005,4,19.5,9.5
2005-05-31,2005,5,20.0,9.5
2005-06-30,2005,6,19.1,9.9
2005-07-31,2005,7,21.2,10.7
2005-08-31,2005,8,21.4,10.6
2005-09-30,2005,9,21.4,10.7
2005-10-31,2005,10,21.8,11.5
2005-11-30,2005,11,21.8,12.3
2005-12-31,2005,12,24.6,13.8
2006-01-31,2006,1,20.5,8.3
2006-02-28,2006,2,21.4,10.1
2006-03-31,2006,3,24.4,12.4
2006-04-30,2006,4,23.7,11.4
2006-05-31,2006,5,26.8,12.9
2006-06-30,2006,6,25.1,14.5
2006-07-31,2006,7,25.5,13.5
2006-08-31,2006,8,27.9,14.2
2006-09-30,2006,9,25.4,14.3
2006-10-31,2006,10,24.0,15.8
2006-11-30,2006,11,24.4,16.2
2006-12-31,2006,12,28.4,19.6
2007-01-31,2007,1,21.3,11.7
2007-02-28,2007,2,22.9,14.1
2007-03-31,2007,3,25.9,16.9
2007-04-30,2007,4,27.0,16.7
2007-05-31,2007,5,28.7,17.5
2007-06-30,2007,6,26.2,18.5
2007-07-31,2007,7,29.1,19.3
2007-08-31,2007,8,30.3,20.0
2007-09-30,2007,9,27.7,18.7
2007-10-31,2007,10,34.4,22.2
2007-11-30,2007,11,35.2,22.6
2007-12-31,2007,12,37.8,24.9
2008-01-31,2008,1,33.9,15.6
2008-02-29,2008,2,35.1,21.0
2008-03-31,2008,3,39.4,23.2
2008-04-30,2008,4,40.5,25.2
2008-05-31,2008,5,42.5,24.3
2008-06-30,2008,6,43.0,25.3
2008-07-31,2008,7,46.5,28.7
2008-08-31,2008,8,45.0,27.1
2008-09-30,2008,9,43.0,27.2
2008-10-31,2008,10,38.4,26.7
2008-11-30,2008,11,29.4,21.1
2008-12-31,2008,12,29.7,23.3
2009-01-31,2009,1,18.9,10.3
2009-02-28,2009,2,17.4,13.2
2009-03-31,2009,3,21.5,14.2
2009-04-30,2009,4,18.8,14.1
2009-05-31,2009,5,21.2,13.1
2009-06-30,2009,6,23.6,14.7
2009-07-31,2009,7,26.2,15.2
2009-08-31,2009,8,26.8,14.8
2009-09-30,2009,9,28.6,16.8
2009-10-31,2009,10,30.2,18.4
2009-11-30,2009,11,30.4,18.4
2009-12-31,2009,12,33.7,20.6
2010-01-31,2010,1,27.0,11.1
2010-02-28,2010,2,30.1,15.2
2010-03-31,2010,3,33.0,18.4
2010-04-30,2010,4,32.7,18.9
2010-05-31,2010,5,31.1,19.1
2010-06-30,2010,6,31.6,19.3
2010-07-31,2010,7,30.7,20.8
2010-08-31,2010,8,31.3,23.6
2010-09-30,2010,9,33.7,23.2
2010-10-31,2010,10,34.6,24.5
2010-11-30,2010,11,34.5,24.5
2010-12-31,2010,12,42.5,27.0
2011-01-31,2011,1,29.6,16.2
2011-02-28,2011,2,39.6,21.7
2011-03-31,2011,3,42.5,26.8
2011-04-30,2011,4,45.8,26.9
2011-05-31,2011,5,44.0,27.9
2011-06-30,2011,6,43.7,27.5
2011-07-31,2011,7,41.4,26.9
2011-08-31,2011,8,43.8,29.4
2011-09-30,2011,9,43.0,26.8
2011-10-31,2011,10,45.2,28.7
2011-11-30,2011,11,46.4,29.8
2011-12-31,2011,12,50.2,30.0
2012-01-31,2012,1,39.5,19.1
2012-02-29,2012,2,44.9,24.7
2012-03-31,2012,3,46.7,28.4
2012-04-30,2012,4,44.9,26.8
2012-05-31,2012,5,45.5,28.2
2012-06-30,2012,6,40.8,27.0
2012-07-31,2012,7,41.2,29.7
2012-08-31,2012,8,41.1,30.0
2012-09-30,2012,9,42.9,27.4
2012-10-31,2012,10,46.5,32.2
2012-11-30,2012,11,45.3,30.6
2012-12-31,2012,12,48.2,31.9
2013-01-31,2013,1,38.7,21.7
2013-02-28,2013,2,41.8,26.5
2013-03-31,2013,3,44.4,28.4
2013-04-30,2013,4,44.3,29.8
2013-05-31,2013,5,40.9,26.4
2013-06-30,2013,6,41.7,28.2
2013-07-31,2013,7,43.6,30.3
2013-08-31,2013,8,42.4,28.4
2013-09-30,2013,9,44.7,28.7
2013-10-31,2013,10,43.4,30.6
2013-11-30,2013,11,46.7,29.8
2013-12-31,2013,12,49.4,32.5
2014-01-31,2014,1,39.5,21.0
2014-02-28,2014,2,36.3,24.1
2014-03-31,2014,3,46.9,27.4
2014-04-30,2014,4,47.5,27.8
2014-05-31,2014,5,43.9,26.2
2014-06-30,2014,6,40.6,26.7
2014-07-31,2014,7,46.2,29.2
2014-08-31,2014,8,41.4,25.3
2014-09-30,2014,9,38.1,26.0
2014-10-31,2014,10,41.5,26.8
2014-11-30,2014,11,36.7,23.1
2014-12-31,2014,12,38.1,24.5
2015-01-31,2015,1,27.9,12.2
2015-02-28,2015,2,29.4,15.4
2015-03-31,2015,3,32.9,17.1
2015-04-30,2015,4,30.7,16.2
2015-05-31,2015,5,30.7,15.3
2015-06-30,2015,6,30.1,16.2
2015-07-31,2015,7,27.3,16.8
2015-08-31,2015,8,25.0,16.2
2015-09-30,2015,9,26.3,16.8
2015-10-31,2015,10,27.0,16.9
2015-11-30,2015,11,25.4,16.4
2015-12-31,2015,12,28.7,17.5
2016-01-31,2016,1,17.2,9.9
2016-02-29,2016,2,20.1,12.9
2016-03-31,2016,3,23.2,15.4
2016-04-30,2016,4,21.8,15.1
2016-05-31,2016,5,22.1,14.5
2016-06-30,2016,6,24.0,16.0
2016-07-31,2016,7,22.5,16.2
2016-08-31,2016,8,23.1,18.5
2016-09-30,2016,9,25.4,17.9
2016-10-31,2016,10,24.7,18.2
2016-11-30,2016,11,26.6,17.6
2016-12-31,2016,12,31.3,19.5
2017-01-31,2017,1,25.4,13.6
2017-02-28,2017,2,25.8,15.5
2017-03-31,2017,3,31.3,19.0
2017-04-30,2017,4,26.0,18.2
2017-05-31,2017,5,28.2,19.6
2017-06-30,2017,6,29.5,20.7
2017-07-31,2017,7,24.6,20.8
2017-08-31,2017,8,29.0,22.4
2017-09-30,2017,9,30.7,20.5
2017-10-31,2017,10,31.4,21.6
2017-11-30,2017,11,33.2,21.7
2017-12-31,2017,12,37.9,24.2
